-0.0147028147334805
-1.00052507526656
-0.14441627006678
0.698721189599667
-0.22224434326676
-0.18333030666677
-1.15618122166652
-0.546527981600009
-0.663270091399978
-1.07835314846654
0.348494860199758
0.426322933399738
-0.442757217333369
0.244724095933119
0.179867368266469
-0.10550223346679
-0.715155473533298
0.205810059333129
-1.33778005913314
-1.09132449399987
1.20460366539954
0.413351587866408
0.646835807466347
-0.27412972540008
1.69751479566607
-0.30007241646674
2.44985283659921
-0.844868928866598
-1.13023853059986
-0.650298745866648
1.46403057606613
1.60671537693276
-0.805954892266608
-0.676241436933308
-1.25995198593316
-1.18212391273318
1.38620250286615
-1.28589467699982
0.491179661066388
-0.13144492453345
-1.00052507526656
-0.13144492453345
0.945176754732936
-0.624356054799988
0.387408896799748
-0.31304376200007
-1.29886602253315
-1.4934362055331
0.231752750399789
0.231752750399789
-1.18212391273318
-0.10550223346679
-1.29886602253315
-0.31304376200007
-1.05241045739988
0.140953331666479
-0.0276741602668104
-0.715155473533298
0.102039295066489
0.335523514666428
-1.35075140466647
1.52888730373278
-0.533556636066679
-0.870811619933258
-1.42857947786645
0.620893116399687
1.29540308413284
-0.507613945000019
-0.11847357900012
-1.31183736806648
-1.29886602253315
0.750606571732987
-0.14441627006678
-0.23521568880009
-0.702184127999968
0.153924677199809
-1.35075140466647
-0.728126819066628
-0.805954892266608
-0.0276741602668104
-0.780012201199948
-0.896754310999918
-0.31304376200007
-0.650298745866648
1.94397036079934
0.594950425333027
-0.741098164599958
-1.28589467699982
-0.23521568880009
-0.10550223346679
1.03597617346625
-0.922697002066577
-0.624356054799988
1.21757501093287
1.87911363313269
1.37323115733282
0.997062136866256
0.348494860199758
0.620893116399687
0.620893116399687
0.270666786999779
-0.403843180733379
-0.559499327133339
1.50294461266612
1.5807726858661
0.0760966039998292
-0.585442018199999
-0.896754310999918
-0.637327400333318
1.55482999479944
-0.870811619933258
1.65860075906608
2.38499610893256
1.67157210459941
0.283638132533108
1.38620250286615
0.335523514666428
-0.31304376200007
-0.728126819066628
-0.338986453066729
1.76237152333272
-0.831897583333268
1.81425690546604
-1.05241045739988
0.581979079799697
-1.64909235193305
0.556036388733038
-1.28589467699982
0.257695441466449
-0.27412972540008
-1.06538180293321
0.880320027066286
1.50294461266612
-0.00173146920015053
-1.01349642079989
1.85317094206603
-0.663270091399978
1.1008329011329
0.945176754732936
-0.922697002066577
-0.585442018199999
-1.14320987613319
-0.18333030666677
0.426322933399738
1.46403057606613
-0.663270091399978
-0.1963016522001
-0.948639693133237
1.81425690546604
0.335523514666428
-0.792983546733278
-0.468699908400029
-0.857840274399928
-0.390871835200049
-1.03943911186655
-0.30007241646674
0.0760966039998292
-1.46749351446644
0.906262718132946
1.61968672246609
-0.689212782466638
0.569007734266368
0.0371825673998393
-0.974582384199897
-1.06538180293321
-1.33778005913314
-1.13023853059986
1.43808788499947
1.24351770199953
1.86614228759936
0.802491953866307
0.426322933399738
-0.767040855666618
1.29540308413284
-0.0276741602668104
0.724663880666327
-0.974582384199897
-0.572470672666669
0.102039295066489
-1.28589467699982
0.880320027066286
0.0242112218665094
1.38620250286615
-0.805954892266608
1.21757501093287
-0.364929144133389
-1.1042958395332
-1.03943911186655
1.36025981179949
1.42511653946614
1.59374403139943
0.322552169133098
-1.05241045739988
-1.3637227501998
0.452265624466398
-0.351957798600059
-1.31183736806648
1.37323115733282
0.815463299399637
1.95694170633267
1.17866097433288
0.0112398763331794
2.51470956426586
-0.818926237799938
-1.46749351446644
-0.637327400333318
2.02179843399932
-0.468699908400029
-0.0925308879334602
-1.01349642079989
-1.38966544126646
-0.481671253933359
1.4510592305328
-0.844868928866598
0.646835807466347
-1.11726718506653
-0.754069510133288
-1.14320987613319
0.620893116399687
1.46403057606613
-0.754069510133288
0.374437551266418
0.0501539129331693
1.04894751899958
-1.19509525826651
-1.09132449399987
2.33311072679924
1.24351770199953
0.620893116399687
-1.25995198593316
-0.818926237799938
-1.57126427873308
-0.30007241646674
-0.896754310999918
1.59374403139943
-1.13023853059986
0.594950425333027
1.08786155559957
1.30837442966618
-1.40263678679979
0.257695441466449
-0.494642599466689
-0.13144492453345
-0.559499327133339
-0.10550223346679
-0.0665881968668003
-0.715155473533298
0.491179661066388
-0.559499327133339
0.504151006599718
-0.390871835200049
1.01003348239959
1.24351770199953
1.25648904753286
0.517122352133048
0.607921770866357
1.52888730373278
0.153924677199809
-1.03943911186655
-0.728126819066628
0.802491953866307
-0.741098164599958
0.828434644932967
1.43808788499947
0.335523514666428
-0.507613945000019
0.620893116399687
-0.17035896113344
-0.17035896113344
-0.831897583333268
-0.831897583333268
1.17866097433288
-1.05241045739988
-0.974582384199897
-0.559499327133339
1.55482999479944
-1.19509525826651
-1.27292333146649
-0.805954892266608
2.06071247059931
2.19042592593261
-1.22103794933317
1.42511653946614
0.698721189599667
1.04894751899958
1.16568962879955
-0.377900489666719
0.192838713799799
-1.15618122166652
0.581979079799697
-1.05241045739988
0.205810059333129
-0.15738761560011
0.841405990466297
-0.403843180733379
1.07489021006624
1.20460366539954
-1.45452216893311
-1.29886602253315
-0.26115837986675
-0.831897583333268
-1.07835314846654
0.867348681532957
-1.03943911186655
0.633864461933017
-0.546527981600009
-1.31183736806648
1.61968672246609
-1.15618122166652
-1.07835314846654
1.37323115733282
-1.41560813233312
0.594950425333027
0.296609478066438
-0.767040855666618
0.205810059333129
1.59374403139943
1.67157210459941
-0.15738761560011
0.478208315533058
0.374437551266418
1.41214519393281
-0.507613945000019
-0.27412972540008
0.283638132533108
1.36025981179949
-0.883782965466588
-1.42857947786645
-0.0795595424001303
1.04894751899958
-0.533556636066679
-0.416814526266709
-1.1042958395332
2.04774112506598
-0.754069510133288
-1.11726718506653
0.270666786999779
-1.14320987613319
-1.35075140466647
-0.624356054799988
-0.26115837986675
-1.2340092948665
